Matrix A:
10.00 10.00 10.00 10.00 10.00 10.00 10.00 10.00 10.00 10.00 10.00 10.00 10.00 10.00 10.00 10.00 
10.00 10.00 10.00 10.00 10.00 10.00 10.00 10.00 10.00 10.00 10.00 10.00 10.00 10.00 10.00 10.00 
10.00 10.00 10.00 10.00 10.00 10.00 10.00 10.00 10.00 10.00 10.00 10.00 10.00 10.00 10.00 10.00 
10.00 10.00 10.00 10.00 10.00 10.00 10.00 10.00 10.00 10.00 10.00 10.00 10.00 10.00 10.00 10.00 
10.00 10.00 10.00 10.00 10.00 10.00 10.00 10.00 10.00 10.00 10.00 10.00 10.00 10.00 10.00 10.00 
10.00 10.00 10.00 10.00 10.00 10.00 10.00 10.00 10.00 10.00 10.00 10.00 10.00 10.00 10.00 10.00 
10.00 10.00 10.00 10.00 10.00 10.00 10.00 10.00 10.00 10.00 10.00 10.00 10.00 10.00 10.00 10.00 
10.00 10.00 10.00 10.00 10.00 10.00 10.00 10.00 10.00 10.00 10.00 10.00 10.00 10.00 10.00 10.00 
10.00 10.00 10.00 10.00 10.00 10.00 10.00 10.00 10.00 10.00 10.00 10.00 10.00 10.00 10.00 10.00 
10.00 10.00 10.00 10.00 10.00 10.00 10.00 10.00 10.00 10.00 10.00 10.00 10.00 10.00 10.00 10.00 
10.00 10.00 10.00 10.00 10.00 10.00 10.00 10.00 10.00 10.00 10.00 10.00 10.00 10.00 10.00 10.00 
10.00 10.00 10.00 10.00 10.00 10.00 10.00 10.00 10.00 10.00 10.00 10.00 10.00 10.00 10.00 10.00 
10.00 10.00 10.00 10.00 10.00 10.00 10.00 10.00 10.00 10.00 10.00 10.00 10.00 10.00 10.00 10.00 
10.00 10.00 10.00 10.00 10.00 10.00 10.00 10.00 10.00 10.00 10.00 10.00 10.00 10.00 10.00 10.00 
10.00 10.00 10.00 10.00 10.00 10.00 10.00 10.00 10.00 10.00 10.00 10.00 10.00 10.00 10.00 10.00 
10.00 10.00 10.00 10.00 10.00 10.00 10.00 10.00 10.00 10.00 10.00 10.00 10.00 10.00 10.00 10.00 

Matrix B:
10.00 10.00 10.00 10.00 10.00 10.00 10.00 10.00 10.00 10.00 10.00 10.00 10.00 10.00 10.00 10.00 
10.00 10.00 10.00 10.00 10.00 10.00 10.00 10.00 10.00 10.00 10.00 10.00 10.00 10.00 10.00 10.00 
10.00 10.00 10.00 10.00 10.00 10.00 10.00 10.00 10.00 10.00 10.00 10.00 10.00 10.00 10.00 10.00 
10.00 10.00 10.00 10.00 10.00 10.00 10.00 10.00 10.00 10.00 10.00 10.00 10.00 10.00 10.00 10.00 
10.00 10.00 10.00 10.00 10.00 10.00 10.00 10.00 10.00 10.00 10.00 10.00 10.00 10.00 10.00 10.00 
10.00 10.00 10.00 10.00 10.00 10.00 10.00 10.00 10.00 10.00 10.00 10.00 10.00 10.00 10.00 10.00 
10.00 10.00 10.00 10.00 10.00 10.00 10.00 10.00 10.00 10.00 10.00 10.00 10.00 10.00 10.00 10.00 
10.00 10.00 10.00 10.00 10.00 10.00 10.00 10.00 10.00 10.00 10.00 10.00 10.00 10.00 10.00 10.00 
10.00 10.00 10.00 10.00 10.00 10.00 10.00 10.00 10.00 10.00 10.00 10.00 10.00 10.00 10.00 10.00 
10.00 10.00 10.00 10.00 10.00 10.00 10.00 10.00 10.00 10.00 10.00 10.00 10.00 10.00 10.00 10.00 
10.00 10.00 10.00 10.00 10.00 10.00 10.00 10.00 10.00 10.00 10.00 10.00 10.00 10.00 10.00 10.00 
10.00 10.00 10.00 10.00 10.00 10.00 10.00 10.00 10.00 10.00 10.00 10.00 10.00 10.00 10.00 10.00 
10.00 10.00 10.00 10.00 10.00 10.00 10.00 10.00 10.00 10.00 10.00 10.00 10.00 10.00 10.00 10.00 
10.00 10.00 10.00 10.00 10.00 10.00 10.00 10.00 10.00 10.00 10.00 10.00 10.00 10.00 10.00 10.00 
10.00 10.00 10.00 10.00 10.00 10.00 10.00 10.00 10.00 10.00 10.00 10.00 10.00 10.00 10.00 10.00 
10.00 10.00 10.00 10.00 10.00 10.00 10.00 10.00 10.00 10.00 10.00 10.00 10.00 10.00 10.00 10.00 

Matrix C (Result):
1600.00 1600.00 1600.00 1600.00 1600.00 1600.00 1600.00 1600.00 1600.00 1600.00 1600.00 1600.00 1600.00 1600.00 1600.00 1600.00 
1600.00 1600.00 1600.00 1600.00 1600.00 1600.00 1600.00 1600.00 1600.00 1600.00 1600.00 1600.00 1600.00 1600.00 1600.00 1600.00 
1600.00 1600.00 1600.00 1600.00 1600.00 1600.00 1600.00 1600.00 1600.00 1600.00 1600.00 1600.00 1600.00 1600.00 1600.00 1600.00 
1600.00 1600.00 1600.00 1600.00 1600.00 1600.00 1600.00 1600.00 1600.00 1600.00 1600.00 1600.00 1600.00 1600.00 1600.00 1600.00 
1600.00 1600.00 1600.00 1600.00 1600.00 1600.00 1600.00 1600.00 1600.00 1600.00 1600.00 1600.00 1600.00 1600.00 1600.00 1600.00 
1600.00 1600.00 1600.00 1600.00 1600.00 1600.00 1600.00 1600.00 1600.00 1600.00 1600.00 1600.00 1600.00 1600.00 1600.00 1600.00 
1600.00 1600.00 1600.00 1600.00 1600.00 1600.00 1600.00 1600.00 1600.00 1600.00 1600.00 1600.00 1600.00 1600.00 1600.00 1600.00 
1600.00 1600.00 1600.00 1600.00 1600.00 1600.00 1600.00 1600.00 1600.00 1600.00 1600.00 1600.00 1600.00 1600.00 1600.00 1600.00 
1600.00 1600.00 1600.00 1600.00 1600.00 1600.00 1600.00 1600.00 1600.00 1600.00 1600.00 1600.00 1600.00 1600.00 1600.00 1600.00 
1600.00 1600.00 1600.00 1600.00 1600.00 1600.00 1600.00 1600.00 1600.00 1600.00 1600.00 1600.00 1600.00 1600.00 1600.00 1600.00 
1600.00 1600.00 1600.00 1600.00 1600.00 1600.00 1600.00 1600.00 1600.00 1600.00 1600.00 1600.00 1600.00 1600.00 1600.00 1600.00 
1600.00 1600.00 1600.00 1600.00 1600.00 1600.00 1600.00 1600.00 1600.00 1600.00 1600.00 1600.00 1600.00 1600.00 1600.00 1600.00 
1600.00 1600.00 1600.00 1600.00 1600.00 1600.00 1600.00 1600.00 1600.00 1600.00 1600.00 1600.00 1600.00 1600.00 1600.00 1600.00 
1600.00 1600.00 1600.00 1600.00 1600.00 1600.00 1600.00 1600.00 1600.00 1600.00 1600.00 1600.00 1600.00 1600.00 1600.00 1600.00 
1600.00 1600.00 1600.00 1600.00 1600.00 1600.00 1600.00 1600.00 1600.00 1600.00 1600.00 1600.00 1600.00 1600.00 1600.00 1600.00 
1600.00 1600.00 1600.00 1600.00 1600.00 1600.00 1600.00 1600.00 1600.00 1600.00 1600.00 1600.00 1600.00 1600.00 1600.00 1600.00 
